245
 0.130d0
 0.080d0
 1.261d0
 0.224d0
 0.132d0
 1.052d0
 0.085d0
 0.124d0
 0.718d0
 0.280d0
 0.687d0
 0.106d0
 0.088d0
 0.137d0
 0.096d0
 0.124d0
 0.126d0
 1.279d0
 1.007d0
 0.195d0
 0.167d0
 0.213d0
 0.108d0
 1.371d0
 0.190d0
 0.184d0
 1.298d0
 1.036d0
 0.205d0
 1.950d0
 1.018d0
 0.172d0
 0.148d0
 0.292d0
 0.113d0
 0.185d0
 0.129d0
 1.329d0
 0.149d0
 0.236d0
 2.545d0
 1.073d0
 0.162d0
 2.518d0
 0.142d0
 2.880d0
 0.178d0
 1.075d0
 0.128d0
 0.083d0
 0.409d0
 0.340d0
 0.246d0
 1.195d0
 1.452d0
 1.123d0
 1.361d0
 0.222d0
 0.962d0
 0.875d0
 0.078d0
 0.520d0
 0.194d0
 1.195d0
 0.709d0
 0.021d0
 0.166d0
 0.081d0
 0.265d0
 0.159d0
 0.308d0
 1.604d0
 0.179d0
 0.172d0
 0.131d0
 0.305d0
 0.215d0
 0.214d0
 0.853d0
 0.137d0
 0.466d0
 1.419d0
 2.016d0
 1.944d0
 1.040d0
 1.200d0
 0.255d0
 0.232d0
 0.200d0
 0.240d0
 0.216d0
 0.277d0
 2.427d0
 0.320d0
 0.142d0
 0.134d0
 0.198d0
 0.126d0
 1.173d0
 0.342d0
 1.672d0
 0.193d0
 1.633d0
 0.860d0
 1.293d0
 0.207d0
 1.811d0
 1.741d0
 1.488d0
 0.124d0
 1.326d0
 0.148d0
 0.109d0
 1.848d0
 1.310d0
 0.118d0
 1.004d0
 0.204d0
 0.192d0
 0.299d0
 1.885d0
 0.264d0
 0.230d0
 0.250d0
 0.061d0
 0.953d0
 0.138d0
 0.313d0
 0.174d0
 1.768d0
 1.369d0
 0.130d0
 1.113d0
 0.320d0
 0.190d0
 0.818d0
 1.461d0
 0.149d0
 0.291d0
 0.225d0
 1.622d0
 0.185d0
 0.198d0
 0.360d0
 0.387d0
 2.338d0
 1.713d0
 0.368d0
 1.573d0
 0.309d0
 0.232d0
 0.347d0
 0.325d0
 1.861d0
 0.258d0
 0.258d0
 1.625d0
 0.291d0
 1.169d0
 0.210d0
 0.241d0
 0.112d0
 0.183d0
 0.258d0
 0.357d0
 1.176d0
 0.111d0
 0.978d0
 0.279d0
 1.742d0
 0.184d0
 0.230d0
 0.275d0
 2.183d0
 2.264d0
 1.405d0
 0.408d0
 0.126d0
 0.263d0
 0.162d0
 0.902d0
 1.516d0
 0.293d0
 0.198d0
 0.118d0
 0.305d0
 0.031d0
 0.192d0
 0.151d0
 0.182d0
 0.909d0
 0.379d0
 1.010d0
 0.167d0
 0.929d0
 0.083d0
 0.179d0
 1.567d0
 1.241d0
 0.077d0
 0.166d0
 1.271d0
 0.100d0
 1.229d0
 0.152d0
 1.374d0
 0.157d0
 1.003d0
 0.084d0
 0.171d0
 0.953d0
 0.192d0
 0.967d0
 1.300d0
 0.122d0
 1.036d0
 0.200d0
 0.070d0
 0.998d0
 0.176d0
 0.673d0
 0.839d0
 0.867d0
 0.985d0
 0.096d0
 0.238d0
 0.933d0
 1.231d0
 0.162d0
 0.044d0
 0.175d0
 0.132d0
 1.166d0
 0.144d0
 0.180d0
 0.945d0
 0.180d0
 0.152d0
 0.108d0
 0.923d0
 0.192d0
 0.895d0
 0.176d0
 0.191d0
 1.161d0



! ----------------------------------------------------------------------
! N = 200000, BN=N/10
! ----------------------------------------------------------------------
k=10 (augmented-fixed move)
    WEIGHTS         MEANS           VARIANCE        BETA
   0.2747424616   -0.3237696555    0.0087394282    0.0194787514
   0.2135983120    0.2026068961    0.0086345182    0.0194787514
   0.1094847959    0.4543989767    0.0144371285    0.0194787514
   0.0743699344    0.7444969014    0.0193468766    0.0194787514
   0.0791854402    1.0080969651    0.0233264076    0.0194787514
   0.0775486488    1.2269621228    0.0302897642    0.0194787514
   0.0654000630    1.4689052713    0.0364712938    0.0194787514
   0.0505223085    1.7770905421    0.0441885072    0.0194787514
   0.0356780467    2.2003153655    0.0483439484    0.0194787514
   0.0194699889    3.1110918635    0.0418815740    0.0194787514
k=10 (marginal-fixed move)
    WEIGHTS            MEANS                VARIANCE
   0.177914572213028  -0.630054221192269   0.011839043845813
   0.283814844698598   0.199768791367437   0.006134505963207
   0.128673372421509   0.354200260998033   0.013584454498452
   0.075068996073056   0.737712553691736   0.019040428338584
   0.083165082631762   1.017563121330158   0.024335244402235
   0.073847055010693   1.221006575781803   0.025616163585594
   0.071883761637075   1.452491122797197   0.041350589240011
   0.053344837004366   1.770360985808134   0.044233346584635
   0.037562787406744   2.170416348169212   0.048913215664701
   0.014724690903116   2.850682002477989   0.033030429980744
    BETA
   0.019031905791534
! ----------------------------------------------------------------------
k=9 (augmented-fixed move)
    WEIGHTS         MEANS           VARIANCE        BETA
   0.2934922777   -0.2967309609    0.0083836239    0.0201127405
   0.2087993501    0.2075660484    0.0092434392    0.0201127405
   0.1053305303    0.5044638175    0.0159409951    0.0201127405
   0.0866052360    0.8180771947    0.0217786100    0.0201127405
   0.0914562501    1.0816906492    0.0295868882    0.0201127405
   0.0805774889    1.3437802349    0.0376607986    0.0201127405
   0.0691305005    1.6558007682    0.0535625088    0.0201127405
   0.0424407257    2.0909748324    0.0531924407    0.0201127405
   0.0221676407    2.9728970118    0.0469709838    0.0201127405
k=9 (marginal-fixed move)
    WEIGHTS                MEANS                VARIANCE    
   0.317259456019898   0.018861514848255   0.006915843351600
   0.197734307914422   0.242887751384085   0.009055359192457
   0.098349433597722   0.443013970824523   0.014566967464844
   0.074993275083513   0.822647188822139   0.021988404793981
   0.101336978726716   1.085200263077860   0.030348270801445
   0.079102446125645   1.343710420910944   0.032631095398767
   0.060307184852744   1.648899702452985   0.047163460493858
   0.047342181962359   1.990318500034478   0.056216393257957
   0.023574735716964   2.544949558641760   0.048922143884112
    BETA
   0.019623752598010
! ----------------------------------------------------------------------
k=8 (augmented-fixed move)
    WEIGHTS         MEANS           VARIANCE        BETA
   0.3478898712   -0.0914523876    0.0065197884    0.0203288095
   0.1953439161    0.2533572334    0.0096680316    0.0203288095
   0.1010785368    0.6114263880    0.0178986965    0.0203288095
   0.0949001755    0.9485047856    0.0256886834    0.0203288095
   0.0887286983    1.2198948407    0.0360276149    0.0203288095
   0.0802202103    1.5199330489    0.0543130412    0.0203288095
   0.0595170002    1.9432657509    0.0685559005    0.0203288095
   0.0323215917    2.7986653652    0.0627972679    0.0203288095
k=8 (marginal-fixed move)
    WEIGHTS               MEANS                VARIANCE
   0.389670267502929   0.144241658432250   0.005866775162017
   0.184457383206188   0.280039390125473   0.011236459586128
   0.091709398587736   0.677476633451019   0.020661696850659
   0.094866460854352   1.033666366621734   0.027976848101690
   0.088936900005480   1.281665722172076   0.041990356308244
   0.076741430294800   1.582334729228020   0.054816030072466
   0.050090112764623   1.993491836511744   0.057294503383974
   0.023528046783942   2.683576436578918   0.048398980599034
BETA
   0.021477538279210
! ----------------------------------------------------------------------
k=7 (augmented-fixed move)
    WEIGHTS         MEANS           VARIANCE        BETA
   0.3799483211   -0.0205594133    0.0060850032    0.0210846419
   0.1884013979    0.2870843161    0.0108585194    0.0210846419
   0.1021393267    0.7029391895    0.0205967102    0.0210846419
   0.1040385462    1.0511736244    0.0314081365    0.0210846419
   0.0985415662    1.3512244554    0.0525489861    0.0210846419
   0.0811257588    1.7552197933    0.0799990815    0.0210846419
   0.0458050831    2.5262992861    0.0820033053    0.0210846419
k=7 (marginal-fixed move)
    WEIGHTS               MEANS                VARIANCE
   0.398233941272950   0.160194058031756   0.004191918908210
   0.166158616690789   0.259318795043054   0.009169290955185
   0.101478803358474   0.689709224900659   0.017984608348716
   0.107152914818177   1.023405124181517   0.030050366940283
   0.089276854313529   1.348594099240517   0.044279104296389
   0.090739034732775   1.724077139231334   0.091273121564286
   0.046959834813264   2.344540592019682   0.080704921236432
BETA
   0.019314810136990
! ----------------------------------------------------------------------
k=6 (augmented-fixed move)
    WEIGHTS         MEANS           VARIANCE        BETA
   0.3774620398   -0.0403196985    0.0065659093    0.0209312751
   0.2058974156    0.3021359164    0.0107651261    0.0209312751
   0.1153431934    0.7851129628    0.0227035450    0.0209312751
   0.1228150079    1.1765212481    0.0462558293    0.0209312751
   0.1067222017    1.5744376189    0.0849539528    0.0209312751
   0.0717601416    2.3172444122    0.1155409588    0.0209312751
k=6 (marginal-fixed move)
       WEIGHTS              MEANS             VARIANCE
   0.409600792876792   0.153560404054885   0.005774604020888
   0.178347317819558   0.307032409035664   0.011700632540177
   0.123428896595588   0.811508723761033   0.023658031359957
   0.136329959531632   1.220427292042723   0.050854061885257
   0.104875998731586   1.645731623711153   0.091098525397182
   0.047417034444821   2.268378788406645   0.084150232146957
BETA
   0.021718642036336
! ----------------------------------------------------------------------
k=5 (augmented-fixed move)
    WEIGHTS         MEANS           VARIANCE        BETA
   0.4325127577    0.0870955170    0.0053139827    0.0216020445
   0.1842691036    0.3743567882    0.0134212363    0.0216020445
   0.1414081963    0.9673122719    0.0338257609    0.0216020445
   0.1340787414    1.3987694063    0.0806938936    0.0216020445
   0.1077312010    2.0807742008    0.1539672967    0.0216020445
k=5 (marginal-fixed move)
    WEIGHTS             MEANS                VARIANCE        
   0.495583595769060   0.174981560348593   0.005146184641784
   0.164456089009694   0.556691175761694   0.021557132793899
   0.130909049536345   1.088653786294986   0.046879983756081
   0.112343811091074   1.504857624439078   0.084991827663421
   0.096707454593776   2.009980728046275   0.146457540352979
BETA
   0.025362110647026
! ----------------------------------------------------------------------
k=4 (augmented-fixed move)
    WEIGHTS         MEANS           VARIANCE        BETA
   0.4847110065    0.1505490428    0.0053420575    0.0235375337
   0.1768569262    0.5280984970    0.0191511456    0.0235375337
   0.1676088277    1.1670459538    0.0626549988    0.0235375337
   0.1708232396    1.7692859869    0.2088436361    0.0235375337
k=4 (marginal-fixed move)
    WEIGHTS         MEANS           VARIANCE        BETA
   0.448036395700650   0.166869796445423   0.004337463776261
   0.174051494759233   0.349073942394721   0.010750554583959
   0.181933594276353   1.076912048641907   0.043030867177337
   0.195978515263703   1.631815486624291   0.235506870253995
    BETA
   0.019895579456650
! ----------------------------------------------------------------------
k=3 (augmented-fixed move)
    WEIGHTS         MEANS           VARIANCE        BETA
   0.6057106660    0.1909616173    0.0067989278    0.0329589093
   0.1986512091    1.0713172607    0.0535863093    0.0329589093
   0.1956381249    1.6391024161    0.2439915011    0.0329589093
k=3 (marginal-fixed move)
    WEIGHTS             MEANS               VARIANCE        
   0.605481229491737   0.190884759145618   0.006795892527069
   0.188308720502242   1.064949768786399   0.048544172478237
   0.206210050006032   1.599106076922900   0.254481721853211
    BETA
   0.032679550786661
! ----------------------------------------------------------------------
k=2 (augmented-fixed move)
    WEIGHTS         MEANS           VARIANCE        BETA
   0.5927315798    0.1880655435    0.0062026982    0.0252263168
   0.4072684202    1.2569912257    0.2582266630    0.0252263168
k=2 (marginal-fixed move)
    WEIGHTS             MEANS                VARIANCE       
   0.592628114533996   0.188043566338226   0.006212370035540
   0.407371885465995   1.256156473192188   0.258602210842696
BETA
   0.025244091358273
! ----------------------------------------------------------------------
k=1 (augmented-fixed move)
    WEIGHTS         MEANS           VARIANCE        BETA
   1.0000000000    0.6224460526    0.3883593615    0.5792701604
k=1 (marginal-fixed move)
    WEIGHTS             MEANS                VARIANCE
   1.000000000000000   0.622052006134361   0.388411642368090
    BETA
   0.576239101664122
! ----------------------------------------------------------------------












